200822
200825
201561
204410
205832
206243
207121
207876
209138
209597
210977
212066
212732
214067
215124
215856
217152
218346
218385
219788
221314
221579
222016
230187
230194
230221
232351
232676
233629
234548
235302
236921
237612
238388
239176
199649
199650
199651
202779
204696
205910
206281
207137
208171
208253
209732
210893
211261
211273
213967
213998
215668
216772
216803
218523
219875
219903
221604
222485
223938
224116
226573
225573
232320
109446
109457
109572
109750
110459
111269
111488
111552
113401
113675
115519
117272
118322
118848
119988
120949
126504
126493
128038
129333
130743
131826
132889
135120
136030
136802
137655
138724
139968
140913
142708
143215
143343
144320
144348
147127
148482
150045
131867
150797
152654
205234
200822
200825
201561
204410
205832
206243
207121
207876
209138
209597
210977
212066
212732
214067
215124
215856
217152
218346
218385
219788
221314
221579
222016
230187
230194
230221
232351
232676
233629
234548
235302
236921
237612
238388
239176
199649
199650
199651
202779
204696
205910
206281
207137
208171
208253
209732
210893
211261
211273
213967
213998
215668
216772
216803
218523
219875
219903
221604
222485
223938
224116
226573
225573
232320
109446
109457
109572
109750
110459
111269
111488
111552
113401
113675
115519
117272
118322
118848
119988
120949
126504
126493
128038
129333
130743
131826
132889
135120
136030
136802
137655
138724
139968
140913
142708
143215
143343
144320
144348
147127
148482
150045
131867
150797
152654
205234
144348
236921
219903
199649
135120
204410
132889
232351
209732
205832
113401
235302
234548
110459
206281
200825
233629
118322
143343
230187
211273
201561
219788
237612
119988
109446
115519
205910
109457
128038
215856
131826
109750
226573
117272
208171
215668
152654
217152
199651
218385
218346
142708
120949
214067
219875
223938
136802
230194
207876
204696
208253
147127
210977
202779
221604
139968
206243
232320
209597
216772
111552
205234
131867
221314
239176
126504
148482
211261
212066
212732
218523
137655
129333
224116
138724
213998
113675
111269
200822
143215
225573
150045
111488
221579
210893
213967
118848
130743
109572
209138
150797
216803
222485
199650
222016
215124
230221
238388
136030
207121
232676
207137
144320
126493
140913
195652
195662
195675
199663
200717
201700
202772
204472
205784
206274
207426
208182
209130
209450
210887
229975
232412
237340
237950
212394
213872
215116
215640
217049
218093
218938
181
183
185
281
285
288
291
471
294
540
297
675
693
730
862
995
997
1059
1064
865
2440
1411
1505
1512
1513
1604
1609
1610
2080
2421
301
303
2017
2711
2723
2729
2741
2748
2751
2752
2754
3912
3917
3926
4050
4086
4087
4121
4241
4245
4252
4253
5175
5819
5909
5920
6086
6283
6282
7036
7045
7047
7086
5197
5363
5438
5612
5623
5636
8136
8216
8217
8700
8701
8887
8888
9369
9759
9851
10216
10301
10603
10604
11232
11116
11665
11669
12271
12389
12486
12561
13067
13069
13191
13192
14271
14321
14360
14380
14389
144348
236921
219903
199649
135120
204410
132889
232351
209732
205832
113401
235302
234548
110459
206281
200825
233629
118322
143343
230187
211273
201561
219788
237612
119988
109446
115519
205910
109457
128038
215856
131826
109750
226573
117272
208171
215668
152654
217152
199651
218385
218346
142708
120949
214067
219875
223938
136802
230194
207876
204696
208253
147127
210977
202779
221604
139968
206243
232320
209597
216772
111552
205234
131867
221314
239176
126504
148482
211261
212066
212732
218523
137655
129333
224116
138724
213998
113675
111269
200822
143215
225573
150045
111488
221579
210893
213967
118848
130743
109572
209138
150797
216803
222485
199650
222016
215124
230221
238388
136030
207121
232676
207137
144320
126493
140913
195652
195662
195675
199663
200717
201700
202772
204472
205784
206274
207426
208182
209130
209450
210887
229975
232412
237340
237950
212394
213872
215116
215640
217049
218093
218938
181
183
185
281
285
288
291
471
294
540
297
675
693
730
862
995
997
1059
1064
865
2440
1411
1505
1512
1513
1604
1609
1610
2080
2421
301
303
2017
2711
2723
2729
2741
2748
2751
2752
2754
3912
3917
3926
4050
4086
4087
4121
4241
4245
4252
4253
5175
5819
5909
5920
6086
6283
6282
7036
7045
7047
7086
5197
5363
5438
5612
5623
5636
8136
8216
8217
8700
8701
8887
8888
9369
9759
9851
10216
10301
10603
10604
11232
11116
11665
11669
12271
12389
12486
12561
13067
13069
13191
13192
14271
14321
14360
14380
14389
